0.65 0.0033129201795779354
0.05 0.10303400650020461
0.25 -0.04733459850453284
0.15 0.025280217191405115
0.45 -0.028582065433458682
0.4 0.015002791269080827
0.6 -0.0034081453451323507
0.5 0.006303502586783845
0.8 0.0029948301390574205
0.7 -0.0001618382174575171
0.85 0.002089669923516779
0.1 0.018775949878407937
0.75 0.0048187972781053075
0.9 0.0018567283423941794
0.35 -0.03802200378330801
0.95 -0.00011756852088783465
0.55 0.019553108819888473
0.2 -0.07278138082786079
0.3 0.0013814467595331104
1 0.01803576437784801