3 -0.00032580008395917707
2.14 0.007738260273239148
2.66 -0.005083734260608755
2.96 0.0030737393211521004
2.24 -0.02308416638935517
2.92 0.025265162835021625
2.58 -0.005107143263518349
2.32 -0.000518299050704404
2.94 0.013614016925973768
2.84 0.002510240303949705
2.06 -0.003141067135825163
2.6 0.011078930146888285
2.36 0.010616845328582498
2.22 -0.01023794610509899
2.98 0.005161115855183742
2.62 0.017062407614801243
2.2800000000000002 -0.014792624074765665
2.8 0.0030060388714053163
2.38 -0.012219659757892128
2.64 0.001492430469478958
2.52 0.0022509560414810726
2.2 -0.006839060639115728
2.74 -0.0006553552633776741
2.18 0.0025807936181979256
2.08 -0.0012836035087627237
2.76 0.005997752987816249
2.54 0.007139688218678787
2.34 -0.013452726695706282
2.1 0.0019527415819365437
2.4 -0.09050518565169183
2.7199999999999998 -0.000984049856018652
2.5 0.0131754541477405
2.12 0.009677754541904619
2.16 -0.0008907026872662256
2.46 -0.025576569209740656
2.42 0.011078900278922974
2.82 -0.0015679054726053924
2.3 -0.011975997997130079
2.88 -0.01713748972424135
2.44 0.04639823505811956
2.02 0.030298308317801025
2.7 0.005371812291305645
2.56 -0.00011386198034210676
2.68 0.007125152382132326
2.86 0.004120745988036509
2.26 -0.0011977009992650753
2.04 0.00946530667742206
2.48 -0.012564770802231017
2.7800000000000002 0.00511900407943495
2.9 0.0006610567877413098