0.64 -0.00031806934011369923
1.52 0
1.36 0
1.88 0
1.84 0
1.48 0
0.28 0.002931857877537848
0.04 0.00027517422752237376
1.12 0
0.96 0
0.24 -0.0003204505132215438
2 0
0.52 0.0014321304216272832
1.6 0
1.68 0
0.4 -0.000255374063098382
0.32 0.0013861106925946028
0.88 0
1.2 0
1.96 0
0.72 7.765952172190165E-05
1.28 0
0.76 0.0003067951519068238
0.68 0.0010890920533330839
1.8 0
1.64 0
0.08 0.010593189774315712
0.92 0
0.56 0.0005877049343206094
1.92 0
1.24 0
1.4 0
1.56 0
0.48 0.0006224554753625578
0.12 0.011454724523283721
1 0
1.04 0
1.72 0
0.8 -9.783597274824639E-05
0.84 0
0.36 -0.003129563776583821
0.2 0.002854893130813384
1.08 0
1.76 0
0.6 0.0011071188275516661
1.44 0
1.32 0
0.44 0.00019504014928411085
0.16 0.006434948425574355